5
3106 1599 100 100 6
400 2445 100 100 6
610 2209 100 100 6
1466 956 100 100 6
3184 298 100 100 6
5
3106 1599 100 100 6
401 2443 100 100 6
613 2206 100 100 6
1467 961 100 100 6
3184 301 100 100 6
5
3106 1599 100 100 6
402 2441 100 100 6
616 2203 100 100 6
1468 966 100 100 6
3184 304 100 100 6
5
3106 1599 100 100 6
403 2439 100 100 6
619 2200 100 100 6
1469 971 100 100 6
3184 307 100 100 6
5
3106 1599 100 100 6
404 2437 100 100 6
622 2197 100 100 6
1470 975 100 100 6
3184 310 100 100 6
5
3106 1599 100 100 6
405 2435 100 100 6
625 2194 100 100 6
1471 979 100 100 6
3184 313 100 100 6
5
3106 1599 100 100 6
406 2433 100 100 6
628 2191 100 100 6
1472 982 100 100 6
3184 315 100 100 6
5
3106 1599 100 100 6
407 2431 100 100 6
631 2188 100 100 6
1473 985 100 100 6
3184 317 100 100 6
5
3106 1599 100 100 6
408 2429 100 100 6
634 2185 100 100 6
1474 988 100 100 6
3184 319 100 100 6
5
3106 1599 100 100 6
409 2427 100 100 6
637 2182 100 100 6
1475 991 100 100 6
3184 321 100 100 6
5
3106 1599 100 100 6
410 2425 100 100 6
640 2179 100 100 6
1476 994 100 100 6
3184 323 100 100 6
5
3106 1599 100 100 6
411 2423 100 100 6
643 2176 100 100 6
1477 997 100 100 6
3184 325 100 100 6
5
3106 1599 100 100 6
412 2421 100 100 6
646 2173 100 100 6
1478 1000 100 100 6
3184 327 100 100 6
5
3106 1599 100 100 6
413 2419 100 100 6
649 2170 100 100 6
1479 1004 100 100 6
3184 329 100 100 6
5
3106 1599 100 100 6
414 2417 100 100 6
652 2167 100 100 6
1480 1008 100 100 6
3184 331 100 100 6
5
3106 1599 100 100 6
415 2415 100 100 6
655 2164 100 100 6
1481 1012 100 100 6
3184 333 100 100 6
5
3106 1599 100 100 6
416 2413 100 100 6
658 2161 100 100 6
1482 1016 100 100 6
3184 335 100 100 6
5
3106 1599 100 100 6
417 2411 100 100 6
661 2158 100 100 6
1483 1020 100 100 6
3184 337 100 100 6
5
3106 1599 100 100 6
418 2409 100 100 6
664 2155 100 100 6
1484 1024 100 100 6
3184 339 100 100 6
5
3106 1599 100 100 6
419 2407 100 100 6
667 2152 100 100 6
1485 1028 100 100 6
3184 341 100 100 6
5
3106 1599 100 100 6
420 2405 100 100 6
670 2149 100 100 6
1486 1032 100 100 6
3184 343 100 100 6
5
3106 1599 100 100 6
421 2403 100 100 6
673 2146 100 100 6
1487 1036 100 100 6
3184 345 100 100 6
5
3096 1599 100 100 6
422 2401 100 100 6
676 2142 100 100 6
1487 1039 100 100 6
3184 347 100 100 6
5
3086 1599 100 100 6
423 2399 100 100 6
678 2138 100 100 6
1487 1042 100 100 6
3184 349 100 100 6
5
3076 1599 100 100 6
424 2397 100 100 6
680 2134 100 100 6
1487 1045 100 100 6
3184 351 100 100 6
5
3066 1599 100 100 6
425 2395 100 100 6
682 2130 100 100 6
1487 1048 100 100 6
3184 353 100 100 6
5
3056 1599 100 100 6
426 2393 100 100 6
684 2126 100 100 6
1487 1051 100 100 6
3184 355 100 100 6
5
3046 1599 100 100 6
427 2391 100 100 6
686 2122 100 100 6
1487 1054 100 100 6
3184 357 100 100 6
5
3036 1599 100 100 6
428 2389 100 100 6
688 2118 100 100 6
1487 1057 100 100 6
3184 359 100 100 6
5
3026 1599 100 100 6
430 2388 100 100 6
690 2114 100 100 6
1487 1060 100 100 6
3183 357 100 100 6
5
3016 1599 100 100 6
432 2387 100 100 6
692 2110 100 100 6
1487 1063 100 100 6
3182 355 100 100 6
5
3006 1599 100 100 6
434 2386 100 100 6
694 2106 100 100 6
1487 1066 100 100 6
3181 353 100 100 6
5
2996 1599 100 100 6
436 2385 100 100 6
696 2102 100 100 6
1486 1069 100 100 6
3180 351 100 100 6
5
2986 1599 100 100 6
438 2384 100 100 6
698 2098 100 100 6
1485 1074 100 100 6
3179 349 100 100 6
5
2976 1599 100 100 6
440 2383 100 100 6
700 2094 100 100 6
1485 1079 100 100 6
3178 347 100 100 6
5
2966 1599 100 100 6
442 2382 100 100 6
702 2090 100 100 6
1485 1084 100 100 6
3177 345 100 100 6
5
2956 1599 100 100 6
444 2381 100 100 6
705 2087 100 100 6
1485 1089 100 100 6
3176 343 100 100 6
5
2946 1599 100 100 6
446 2380 100 100 6
708 2084 100 100 6
1485 1094 100 100 6
3175 341 100 100 6
5
2936 1599 100 100 6
448 2379 100 100 6
711 2081 100 100 6
1485 1099 100 100 6
3174 339 100 100 6
5
2930 1599 100 100 6
450 2378 100 100 6
714 2078 100 100 6
1485 1104 100 100 6
3173 337 100 100 6
5
2924 1599 100 100 6
452 2377 100 100 6
717 2075 100 100 6
1485 1109 100 100 6
3172 335 100 100 6
5
2918 1599 100 100 6
454 2376 100 100 6
720 2072 100 100 6
1485 1114 100 100 6
3171 333 100 100 6
5
2912 1599 100 100 6
456 2375 100 100 6
723 2069 100 100 6
1485 1119 100 100 6
3170 331 100 100 6
5
2906 1599 100 100 6
458 2374 100 100 6
726 2066 100 100 6
1485 1124 100 100 6
3169 329 100 100 6
5
2900 1599 100 100 6
460 2373 100 100 6
729 2063 100 100 6
1485 1129 100 100 6
3168 327 100 100 6
5
2894 1599 100 100 6
462 2372 100 100 6
732 2060 100 100 6
1485 1134 100 100 6
3167 325 100 100 6
5
2888 1599 100 100 6
464 2371 100 100 6
735 2057 100 100 6
1485 1139 100 100 6
3166 323 100 100 6
5
2882 1599 100 100 6
466 2370 100 100 6
738 2054 100 100 6
1485 1144 100 100 6
3165 321 100 100 6
5
2876 1599 100 100 6
468 2369 100 100 6
741 2051 100 100 6
1485 1149 100 100 6
3164 319 100 100 6
5
2870 1599 100 100 6
470 2368 100 100 6
744 2048 100 100 6
1485 1154 100 100 6
3163 317 100 100 6
5
2864 1599 100 100 6
472 2367 100 100 6
747 2045 100 100 6
1485 1159 100 100 6
3162 315 100 100 6
5
2858 1599 100 100 6
474 2367 100 100 6
750 2042 100 100 6
1484 1164 100 100 6
3161 313 100 100 6
5
2852 1599 100 100 6
476 2367 100 100 6
753 2039 100 100 6
1483 1169 100 100 6
3160 311 100 100 6
5
2848 1595 100 100 6
478 2367 100 100 6
756 2036 100 100 6
1482 1173 100 100 6
3159 309 100 100 6
5
2844 1591 100 100 6
480 2367 100 100 6
759 2033 100 100 6
1481 1177 100 100 6
3158 307 100 100 6
5
2840 1587 100 100 6
482 2367 100 100 6
762 2030 100 100 6
1480 1181 100 100 6
3157 305 100 100 6
5
2836 1583 100 100 6
484 2367 100 100 6
765 2027 100 100 6
1479 1185 100 100 6
3156 303 100 100 6
5
2832 1579 100 100 6
486 2367 100 100 6
768 2024 100 100 6
1478 1189 100 100 6
3155 302 100 100 6
5
2828 1575 100 100 6
488 2367 100 100 6
771 2021 100 100 6
1477 1193 100 100 6
3153 301 100 100 6
5
2824 1571 100 100 6
490 2367 100 100 6
774 2018 100 100 6
1476 1197 100 100 6
3151 300 100 100 6
5
2820 1567 100 100 6
492 2367 100 100 6
777 2015 100 100 6
1475 1201 100 100 6
3149 299 100 100 6
5
2816 1563 100 100 6
494 2367 100 100 6
780 2012 100 100 6
1474 1205 100 100 6
3147 298 100 100 6
5
2812 1559 100 100 6
496 2367 100 100 6
783 2009 100 100 6
1473 1209 100 100 6
3145 297 100 100 6
5
2808 1555 100 100 6
498 2367 100 100 6
786 2006 100 100 6
1472 1213 100 100 6
3144 295 100 100 6
5
2804 1551 100 100 6
500 2367 100 100 6
789 2003 100 100 6
1471 1217 100 100 6
3142 294 100 100 6
5
2800 1547 100 100 6
502 2367 100 100 6
792 2000 100 100 6
1470 1221 100 100 6
3140 293 100 100 6
5
2796 1543 100 100 6
504 2367 100 100 6
795 1997 100 100 6
1469 1225 100 100 6
3139 291 100 100 6
5
2792 1539 100 100 6
506 2367 100 100 6
798 1994 100 100 6
1468 1229 100 100 6
3137 291 100 100 6
5
2788 1535 100 100 6
508 2367 100 100 6
801 1991 100 100 6
1466 1233 100 100 6
3136 290 100 100 6
5
2784 1531 100 100 6
510 2367 100 100 6
804 1988 100 100 6
1464 1237 100 100 6
3135 289 100 100 6
5
2780 1527 100 100 6
512 2367 100 100 6
807 1985 100 100 6
1462 1241 100 100 6
3134 288 100 100 6
5
2776 1523 100 100 6
514 2367 100 100 6
810 1982 100 100 6
1460 1245 100 100 6
3133 287 100 100 6
5
2772 1519 100 100 6
516 2367 100 100 6
813 1979 100 100 6
1458 1249 100 100 6
3132 286 100 100 6
5
2768 1515 100 100 6
518 2367 100 100 6
816 1976 100 100 6
1456 1253 100 100 6
3131 285 100 100 6
5
2764 1511 100 100 6
520 2367 100 100 6
819 1973 100 100 6
1454 1257 100 100 6
3130 284 100 100 6
5
2760 1507 100 100 6
522 2367 100 100 6
822 1970 100 100 6
1452 1261 100 100 6
3129 283 100 100 6
5
2756 1503 100 100 6
524 2367 100 100 6
825 1967 100 100 6
1450 1265 100 100 6
3128 282 100 100 6
5
2752 1499 100 100 6
526 2367 100 100 6
828 1964 100 100 6
1448 1269 100 100 6
3127 281 100 100 6
5
2748 1495 100 100 6
528 2367 100 100 6
831 1961 100 100 6
1448 1273 100 100 6
3126 280 100 100 6
5
2744 1491 100 100 6
530 2367 100 100 6
834 1958 100 100 6
1448 1277 100 100 6
3125 279 100 100 6
5
2740 1487 100 100 6
532 2367 100 100 6
837 1955 100 100 6
1448 1281 100 100 6
3124 278 100 100 6
5
2736 1483 100 100 6
534 2367 100 100 6
840 1952 100 100 6
1448 1285 100 100 6
3123 277 100 100 6
5
2732 1479 100 100 6
536 2367 100 100 6
843 1949 100 100 6
1448 1289 100 100 6
3122 276 100 100 6
5
2728 1475 100 100 6
538 2367 100 100 6
846 1946 100 100 6
1448 1293 100 100 6
3121 275 100 100 6
5
2724 1471 100 100 6
540 2367 100 100 6
849 1943 100 100 6
1448 1297 100 100 6
3120 274 100 100 6
5
2720 1467 100 100 6
542 2367 100 100 6
852 1940 100 100 6
1448 1301 100 100 6
3119 273 100 100 6
5
2716 1463 100 100 6
544 2367 100 100 6
855 1937 100 100 6
1448 1305 100 100 6
3118 272 100 100 6
5
2712 1459 100 100 6
546 2367 100 100 6
859 1935 100 100 6
1448 1309 100 100 6
3117 272 100 100 6
5
2708 1455 100 100 6
548 2367 100 100 6
863 1933 100 100 6
1448 1313 100 100 6
3116 271 100 100 6
5
2704 1451 100 100 6
550 2367 100 100 6
867 1931 100 100 6
1448 1317 100 100 6
3115 270 100 100 6
5
2700 1447 100 100 6
552 2366 100 100 6
871 1929 100 100 6
1448 1321 100 100 6
3113 270 100 100 6
5
2696 1443 100 100 6
554 2365 100 100 6
875 1927 100 100 6
1448 1325 100 100 6
3111 270 100 100 6
5
2692 1439 100 100 6
556 2364 100 100 6
879 1925 100 100 6
1448 1329 100 100 6
3109 270 100 100 6
5
2688 1435 100 100 6
558 2363 100 100 6
883 1923 100 100 6
1449 1333 100 100 6
3107 270 100 100 6
5
2680 1425 100 100 6
564 2360 100 100 6
883 1923 100 100 6
1450 1345 100 100 6
3101 276 100 100 6
5
2676 1422 100 100 6
566 2359 100 100 6
883 1923 100 100 6
1451 1349 100 100 6
3099 278 100 100 6
5
2674 1418 100 100 6
568 2358 100 100 6
883 1923 100 100 6
1452 1353 100 100 6
3097 280 100 100 6
5
2671 1415 100 100 6
570 2357 100 100 6
883 1923 100 100 6
1453 1357 100 100 6
3095 282 100 100 6
5
2672 1411 100 100 6
572 2356 100 100 6
883 1923 100 100 6
1454 1361 100 100 6
3093 284 100 100 6
5
2670 1407 100 100 6
574 2355 100 100 6
883 1923 100 100 6
1453 1365 100 100 6
3091 286 100 100 6
5
2671 1403 100 100 6
576 2354 100 100 6
883 1923 100 100 6
1454 1369 100 100 6
3089 288 100 100 6
5
2672 1399 100 100 6
578 2353 100 100 6
883 1923 100 100 6
1455 1373 100 100 6
3087 289 100 100 6
5
2674 1395 100 100 6
580 2352 100 100 6
883 1923 100 100 6
1456 1377 100 100 6
3085 290 100 100 6
5
2676 1391 100 100 6
582 2351 100 100 6
883 1923 100 100 6
1457 1381 100 100 6
3083 291 100 100 6
5
2679 1388 100 100 6
584 2350 100 100 6
883 1923 100 100 6
1455 1385 100 100 6
3081 292 100 100 6
5
2681 1384 100 100 6
586 2350 100 100 6
883 1923 100 100 6
1456 1389 100 100 6
3079 293 100 100 6
5
2682 1380 100 100 6
588 2350 100 100 6
883 1923 100 100 6
1457 1393 100 100 6
3077 294 100 100 6
5
2684 1376 100 100 6
590 2350 100 100 6
883 1923 100 100 6
1458 1397 100 100 6
3075 295 100 100 6
5
2686 1372 100 100 6
592 2350 100 100 6
883 1923 100 100 6
1459 1401 100 100 6
3073 296 100 100 6
5
2682 1374 100 100 6
594 2350 100 100 6
883 1923 100 100 6
1460 1405 100 100 6
3071 297 100 100 6
5
2678 1376 100 100 6
596 2350 100 100 6
883 1923 100 100 6
1461 1409 100 100 6
3069 298 100 100 6
5
2674 1378 100 100 6
598 2350 100 100 6
883 1923 100 100 6
1462 1413 100 100 6
3067 299 100 100 6
5
2670 1380 100 100 6
600 2350 100 100 6
883 1923 100 100 6
1462 1417 100 100 6
3065 300 100 100 6
5
2666 1382 100 100 6
602 2350 100 100 6
883 1923 100 100 6
1463 1421 100 100 6
3063 301 100 100 6
5
2662 1384 100 100 6
604 2350 100 100 6
883 1923 100 100 6
1464 1425 100 100 6
3061 302 100 100 6
5
2658 1386 100 100 6
606 2350 100 100 6
883 1923 100 100 6
1464 1429 100 100 6
3059 303 100 100 6
5
2655 1389 100 100 6
608 2350 100 100 6
883 1923 100 100 6
1464 1433 100 100 6
3057 304 100 100 6
5
2651 1391 100 100 6
610 2350 100 100 6
883 1923 100 100 6
1464 1437 100 100 6
3055 305 100 100 6
5
2648 1394 100 100 6
612 2350 100 100 6
883 1923 100 100 6
1464 1441 100 100 6
3053 306 100 100 6
5
2645 1397 100 100 6
614 2350 100 100 6
883 1923 100 100 6
1464 1445 100 100 6
3051 307 100 100 6
5
2642 1400 100 100 6
616 2350 100 100 6
883 1923 100 100 6
1464 1449 100 100 6
3049 308 100 100 6
5
2639 1402 100 100 6
618 2350 100 100 6
883 1923 100 100 6
1464 1453 100 100 6
3047 309 100 100 6
5
2636 1404 100 100 6
620 2350 100 100 6
883 1923 100 100 6
1464 1457 100 100 6
3045 310 100 100 6
5
2633 1406 100 100 6
622 2350 100 100 6
883 1923 100 100 6
1464 1461 100 100 6
3043 311 100 100 6
5
2630 1408 100 100 6
624 2350 100 100 6
883 1923 100 100 6
1464 1465 100 100 6
3041 312 100 100 6
5
2627 1410 100 100 6
626 2350 100 100 6
883 1923 100 100 6
1464 1469 100 100 6
3039 313 100 100 6
5
2624 1412 100 100 6
628 2350 100 100 6
883 1923 100 100 6
1464 1473 100 100 6
3037 314 100 100 6
5
2621 1414 100 100 6
630 2350 100 100 6
883 1923 100 100 6
1463 1477 100 100 6
3035 315 100 100 6
5
2618 1416 100 100 6
632 2350 100 100 6
883 1923 100 100 6
1462 1481 100 100 6
3033 316 100 100 6
5
2615 1418 100 100 6
634 2350 100 100 6
883 1923 100 100 6
1461 1485 100 100 6
3031 317 100 100 6
5
2612 1420 100 100 6
636 2350 100 100 6
883 1923 100 100 6
1460 1489 100 100 6
3029 318 100 100 6
5
2609 1422 100 100 6
638 2350 100 100 6
883 1923 100 100 6
1459 1493 100 100 6
3027 319 100 100 6
5
2606 1424 100 100 6
640 2350 100 100 6
883 1923 100 100 6
1457 1497 100 100 6
3025 320 100 100 6
5
2603 1426 100 100 6
642 2350 100 100 6
883 1923 100 100 6
1455 1501 100 100 6
3023 321 100 100 6
5
2600 1428 100 100 6
644 2350 100 100 6
883 1923 100 100 6
1453 1505 100 100 6
3021 322 100 100 6
5
2597 1430 100 100 6
642 2350 100 100 6
883 1923 100 100 6
1450 1508 100 100 6
3022 320 100 100 6
5
2594 1432 100 100 6
640 2350 100 100 6
883 1923 100 100 6
1447 1511 100 100 6
3023 318 100 100 6
5
2591 1434 100 100 6
638 2350 100 100 6
883 1923 100 100 6
1444 1514 100 100 6
3024 316 100 100 6
5
2588 1436 100 100 6
636 2350 100 100 6
883 1923 100 100 6
1441 1517 100 100 6
3025 314 100 100 6
5
2585 1438 100 100 6
634 2350 100 100 6
883 1923 100 100 6
1438 1520 100 100 6
3026 312 100 100 6
5
2582 1440 100 100 6
632 2350 100 100 6
883 1923 100 100 6
1434 1522 100 100 6
3027 310 100 100 6
5
2579 1442 100 100 6
630 2350 100 100 6
883 1923 100 100 6
1430 1524 100 100 6
3028 308 100 100 6
5
2575 1444 100 100 6
628 2350 100 100 6
883 1923 100 100 6
1426 1526 100 100 6
3029 306 100 100 6
5
2571 1446 100 100 6
626 2350 100 100 6
883 1923 100 100 6
1422 1527 100 100 6
3030 304 100 100 6
5
2559 1452 100 100 6
620 2350 100 100 6
887 1923 100 100 6
1414 1529 100 100 6
3024 301 100 100 6
5
2555 1454 100 100 6
618 2350 100 100 6
891 1923 100 100 6
1414 1529 100 100 6
3022 300 100 100 6
5
2551 1456 100 100 6
616 2350 100 100 6
895 1923 100 100 6
1414 1529 100 100 6
3020 299 100 100 6
5
2547 1458 100 100 6
614 2350 100 100 6
899 1923 100 100 6
1414 1529 100 100 6
3018 298 100 100 6
5
2543 1461 100 100 6
612 2350 100 100 6
903 1923 100 100 6
1414 1529 100 100 6
3016 297 100 100 6
5
2539 1464 100 100 6
610 2350 100 100 6
907 1923 100 100 6
1414 1529 100 100 6
3014 296 100 100 6
5
2535 1467 100 100 6
608 2350 100 100 6
911 1923 100 100 6
1414 1529 100 100 6
3012 295 100 100 6
5
2531 1470 100 100 6
606 2350 100 100 6
915 1923 100 100 6
1414 1529 100 100 6
3010 294 100 100 6
5
2527 1473 100 100 6
604 2350 100 100 6
919 1923 100 100 6
1414 1529 100 100 6
3008 293 100 100 6
5
2523 1476 100 100 6
602 2350 100 100 6
923 1923 100 100 6
1414 1529 100 100 6
3006 292 100 100 6
5
2519 1479 100 100 6
600 2350 100 100 6
927 1923 100 100 6
1414 1529 100 100 6
3004 291 100 100 6
5
2515 1482 100 100 6
598 2350 100 100 6
931 1923 100 100 6
1414 1529 100 100 6
3002 290 100 100 6
5
2511 1485 100 100 6
596 2350 100 100 6
935 1923 100 100 6
1414 1529 100 100 6
3000 289 100 100 6
5
2507 1488 100 100 6
594 2350 100 100 6
939 1923 100 100 6
1414 1529 100 100 6
2998 288 100 100 6
5
2504 1491 100 100 6
592 2350 100 100 6
943 1923 100 100 6
1414 1529 100 100 6
2996 287 100 100 6
5
2501 1494 100 100 6
590 2350 100 100 6
947 1923 100 100 6
1414 1529 100 100 6
2994 286 100 100 6
5
2498 1497 100 100 6
588 2350 100 100 6
951 1923 100 100 6
1414 1529 100 100 6
2992 285 100 100 6
5
2495 1500 100 100 6
586 2350 100 100 6
955 1923 100 100 6
1414 1529 100 100 6
2990 284 100 100 6
5
2492 1504 100 100 6
584 2350 100 100 6
959 1923 100 100 6
1414 1529 100 100 6
2988 283 100 100 6
5
2489 1508 100 100 6
582 2350 100 100 6
963 1923 100 100 6
1414 1529 100 100 6
2986 282 100 100 6
5
2486 1512 100 100 6
580 2350 100 100 6
967 1923 100 100 6
1414 1529 100 100 6
2984 281 100 100 6
5
2483 1516 100 100 6
578 2350 100 100 6
971 1923 100 100 6
1414 1529 100 100 6
2982 280 100 100 6
5
2480 1520 100 100 6
576 2350 100 100 6
975 1923 100 100 6
1414 1529 100 100 6
2980 279 100 100 6
5
2477 1524 100 100 6
574 2350 100 100 6
979 1924 100 100 6
1414 1529 100 100 6
2978 278 100 100 6
5
2474 1528 100 100 6
572 2350 100 100 6
977 1923 100 100 6
1414 1529 100 100 6
2980 277 100 100 6
5
2471 1532 100 100 6
570 2350 100 100 6
979 1923 100 100 6
1414 1529 100 100 6
2980 275 100 100 6
5
2468 1536 100 100 6
568 2350 100 100 6
981 1923 100 100 6
1414 1529 100 100 6
2980 273 100 100 6
5
2465 1540 100 100 6
566 2350 100 100 6
983 1923 100 100 6
1414 1529 100 100 6
2980 271 100 100 6
5
2462 1544 100 100 6
564 2350 100 100 6
985 1923 100 100 6
1414 1529 100 100 6
2980 269 100 100 6
5
2459 1548 100 100 6
562 2350 100 100 6
987 1923 100 100 6
1414 1529 100 100 6
2980 267 100 100 6
5
2456 1552 100 100 6
560 2350 100 100 6
989 1923 100 100 6
1414 1529 100 100 6
2980 265 100 100 6
5
2454 1556 100 100 6
558 2350 100 100 6
991 1923 100 100 6
1414 1529 100 100 6
2980 263 100 100 6
5
2453 1560 100 100 6
556 2350 100 100 6
993 1923 100 100 6
1414 1529 100 100 6
2980 261 100 100 6
5
2452 1564 100 100 6
554 2350 100 100 6
995 1923 100 100 6
1414 1529 100 100 6
2980 259 100 100 6
5
2451 1568 100 100 6
552 2350 100 100 6
997 1923 100 100 6
1414 1529 100 100 6
2980 257 100 100 6
5
2448 1571 100 100 6
550 2350 100 100 6
999 1923 100 100 6
1414 1529 100 100 6
2980 255 100 100 6
5
2446 1575 100 100 6
548 2350 100 100 6
1001 1923 100 100 6
1414 1529 100 100 6
2980 253 100 100 6
5
2445 1579 100 100 6
546 2350 100 100 6
1003 1923 100 100 6
1414 1529 100 100 6
2980 251 100 100 6
5
2445 1583 100 100 6
544 2350 100 100 6
1005 1923 100 100 6
1414 1529 100 100 6
2980 249 100 100 6
5
2444 1587 100 100 6
542 2350 100 100 6
1007 1923 100 100 6
1414 1529 100 100 6
2980 247 100 100 6
5
2444 1591 100 100 6
540 2350 100 100 6
1009 1923 100 100 6
1414 1529 100 100 6
2980 245 100 100 6
5
2444 1595 100 100 6
538 2350 100 100 6
1011 1923 100 100 6
1410 1530 100 100 6
2980 245 100 100 6
5
2443 1599 100 100 6
536 2350 100 100 6
1013 1923 100 100 6
1406 1531 100 100 6
2980 245 100 100 6
5
2442 1603 100 100 6
534 2350 100 100 6
1015 1923 100 100 6
1402 1532 100 100 6
2980 245 100 100 6
5
2441 1607 100 100 6
532 2350 100 100 6
1017 1923 100 100 6
1398 1533 100 100 6
2980 245 100 100 6
5
2441 1611 100 100 6
530 2350 100 100 6
1019 1923 100 100 6
1394 1533 100 100 6
2980 245 100 100 6
5
2440 1615 100 100 6
528 2350 100 100 6
1021 1923 100 100 6
1390 1531 100 100 6
2980 245 100 100 6
5
2439 1619 100 100 6
526 2350 100 100 6
1023 1923 100 100 6
1386 1529 100 100 6
2980 245 100 100 6
5
2438 1623 100 100 6
524 2350 100 100 6
1025 1923 100 100 6
1383 1526 100 100 6
2980 245 100 100 6
5
2437 1627 100 100 6
522 2350 100 100 6
1027 1923 100 100 6
1379 1524 100 100 6
2980 245 100 100 6
5
2433 1628 100 100 6
520 2350 100 100 6
1029 1923 100 100 6
1375 1522 100 100 6
2980 245 100 100 6
5
2429 1629 100 100 6
518 2350 100 100 6
1031 1923 100 100 6
1373 1518 100 100 6
2980 245 100 100 6
5
2425 1630 100 100 6
516 2350 100 100 6
1033 1923 100 100 6
1373 1514 100 100 6
2980 245 100 100 6
5
2421 1631 100 100 6
514 2350 100 100 6
1035 1923 100 100 6
1374 1510 100 100 6
2980 245 100 100 6
5
2417 1632 100 100 6
512 2350 100 100 6
1037 1923 100 100 6
1372 1506 100 100 6
2980 245 100 100 6
5
2413 1633 100 100 6
510 2350 100 100 6
1039 1923 100 100 6
1374 1502 100 100 6
2980 245 100 100 6
5
2409 1634 100 100 6
508 2350 100 100 6
1041 1923 100 100 6
1374 1498 100 100 6
2980 245 100 100 6
5
2405 1635 100 100 6
506 2350 100 100 6
1043 1923 100 100 6
1376 1494 100 100 6
2980 245 100 100 6
5
2401 1636 100 100 6
504 2350 100 100 6
1045 1923 100 100 6
1379 1491 100 100 6
2980 245 100 100 6
5
2397 1637 100 100 6
502 2350 100 100 6
1047 1923 100 100 6
1382 1488 100 100 6
2980 245 100 100 6
5
2393 1638 100 100 6
500 2350 100 100 6
1049 1923 100 100 6
1384 1484 100 100 6
2980 245 100 100 6
5
2389 1639 100 100 6
498 2350 100 100 6
1051 1923 100 100 6
1386 1480 100 100 6
2980 245 100 100 6
5
2385 1640 100 100 6
496 2350 100 100 6
1053 1923 100 100 6
1388 1476 100 100 6
2980 245 100 100 6
5
2381 1641 100 100 6
494 2350 100 100 6
1055 1923 100 100 6
1388 1474 100 100 6
2980 245 100 100 6
5
2377 1642 100 100 6
492 2350 100 100 6
1057 1923 100 100 6
1388 1472 100 100 6
2980 245 100 100 6
5
2373 1643 100 100 6
490 2350 100 100 6
1059 1923 100 100 6
1388 1470 100 100 6
2980 245 100 100 6
5
2369 1644 100 100 6
488 2350 100 100 6
1061 1923 100 100 6
1388 1468 100 100 6
2980 245 100 100 6
5
2365 1645 100 100 6
486 2350 100 100 6
1063 1923 100 100 6
1388 1466 100 100 6
2980 245 100 100 6
5
2361 1646 100 100 6
484 2350 100 100 6
1065 1923 100 100 6
1388 1464 100 100 6
2980 245 100 100 6
5
2357 1647 100 100 6
482 2350 100 100 6
1067 1923 100 100 6
1388 1462 100 100 6
2980 245 100 100 6
5
2353 1648 100 100 6
480 2350 100 100 6
1069 1923 100 100 6
1388 1460 100 100 6
2980 245 100 100 6
5
2349 1649 100 100 6
478 2350 100 100 6
1071 1923 100 100 6
1388 1458 100 100 6
2980 245 100 100 6
5
2345 1650 100 100 6
476 2350 100 100 6
1073 1923 100 100 6
1388 1456 100 100 6
2980 245 100 100 6
5
2341 1651 100 100 6
474 2350 100 100 6
1075 1923 100 100 6
1388 1454 100 100 6
2980 245 100 100 6
5
2337 1652 100 100 6
472 2350 100 100 6
1077 1923 100 100 6
1388 1452 100 100 6
2980 245 100 100 6
5
2333 1653 100 100 6
470 2350 100 100 6
1079 1923 100 100 6
1388 1450 100 100 6
2980 245 100 100 6
5
2329 1654 100 100 6
468 2350 100 100 6
1081 1923 100 100 6
1388 1448 100 100 6
2980 245 100 100 6
5
2325 1655 100 100 6
466 2350 100 100 6
1083 1923 100 100 6
1388 1446 100 100 6
2980 245 100 100 6
5
2321 1656 100 100 6
464 2350 100 100 6
1085 1923 100 100 6
1388 1444 100 100 6
2980 245 100 100 6
5
2317 1657 100 100 6
462 2350 100 100 6
1087 1923 100 100 6
1388 1442 100 100 6
2990 245 100 100 6
5
2313 1658 100 100 6
460 2350 100 100 6
1089 1923 100 100 6
1388 1440 100 100 6
3000 245 100 100 6
5
2309 1659 100 100 6
458 2350 100 100 6
1091 1923 100 100 6
1388 1438 100 100 6
3010 245 100 100 6
5
2305 1660 100 100 6
456 2350 100 100 6
1093 1923 100 100 6
1388 1436 100 100 6
3020 245 100 100 6
5
2301 1661 100 100 6
454 2350 100 100 6
1095 1923 100 100 6
1388 1434 100 100 6
3030 245 100 100 6
5
2297 1662 100 100 6
452 2350 100 100 6
1097 1923 100 100 6
1388 1432 100 100 6
3039 246 100 100 6
5
2293 1663 100 100 6
450 2350 100 100 6
1099 1923 100 100 6
1388 1430 100 100 6
3048 247 100 100 6
5
2289 1664 100 100 6
450 2348 100 100 6
1097 1924 100 100 6
1390 1430 100 100 6
3057 248 100 100 6
5
2285 1665 100 100 6
450 2346 100 100 6
1095 1925 100 100 6
1392 1430 100 100 6
3066 249 100 100 6
5
2281 1666 100 100 6
450 2344 100 100 6
1093 1926 100 100 6
1394 1430 100 100 6
3075 250 100 100 6
5
2277 1667 100 100 6
450 2342 100 100 6
1091 1927 100 100 6
1396 1430 100 100 6
3085 251 100 100 6
5
2273 1668 100 100 6
450 2340 100 100 6
1089 1928 100 100 6
1398 1430 100 100 6
3095 252 100 100 6
5
2269 1669 100 100 6
450 2338 100 100 6
1087 1929 100 100 6
1400 1430 100 100 6
3105 253 100 100 6
5
2265 1670 100 100 6
450 2336 100 100 6
1085 1930 100 100 6
1402 1430 100 100 6
3114 254 100 100 6
5
2261 1671 100 100 6
450 2334 100 100 6
1083 1931 100 100 6
1404 1430 100 100 6
3123 255 100 100 6
5
2257 1672 100 100 6
450 2332 100 100 6
1081 1932 100 100 6
1406 1430 100 100 6
3132 256 100 100 6
5
2253 1673 100 100 6
450 2330 100 100 6
1079 1933 100 100 6
1408 1430 100 100 6
3141 258 100 100 6
5
2249 1674 100 100 6
450 2328 100 100 6
1077 1934 100 100 6
1410 1430 100 100 6
3150 260 100 100 6
5
2245 1675 100 100 6
450 2326 100 100 6
1075 1935 100 100 6
1412 1430 100 100 6
3160 262 100 100 6
5
2241 1676 100 100 6
450 2324 100 100 6
1073 1936 100 100 6
1414 1430 100 100 6
3170 264 100 100 6
5
2237 1677 100 100 6
450 2322 100 100 6
1071 1937 100 100 6
1416 1430 100 100 6
3181 266 100 100 6
5
2233 1678 100 100 6
450 2320 100 100 6
1069 1938 100 100 6
1418 1430 100 100 6
3191 267 100 100 6
5
2229 1679 100 100 6
450 2318 100 100 6
1067 1939 100 100 6
1420 1430 100 100 6
3198 275 100 100 6
5
2225 1680 100 100 6
450 2316 100 100 6
1065 1940 100 100 6
1422 1430 100 100 6
3205 283 100 100 6
5
2221 1681 100 100 6
450 2314 100 100 6
1063 1941 100 100 6
1424 1430 100 100 6
3212 291 100 100 6
5
2217 1682 100 100 6
450 2312 100 100 6
1061 1942 100 100 6
1426 1430 100 100 6
3219 299 100 100 6
5
2213 1683 100 100 6
450 2310 100 100 6
1059 1943 100 100 6
1428 1430 100 100 6
3226 307 100 100 6
5
2209 1684 100 100 6
450 2308 100 100 6
1057 1944 100 100 6
1430 1430 100 100 6
3233 314 100 100 6
5
2205 1685 100 100 6
450 2306 100 100 6
1055 1945 100 100 6
1432 1430 100 100 6
3239 320 100 100 6
5
2201 1686 100 100 6
450 2304 100 100 6
1053 1946 100 100 6
1434 1430 100 100 6
3245 326 100 100 6
5
2197 1687 100 100 6
450 2302 100 100 6
1051 1947 100 100 6
1436 1430 100 100 6
3251 332 100 100 6
5
2193 1688 100 100 6
450 2300 100 100 6
1049 1948 100 100 6
1438 1430 100 100 6
3257 338 100 100 6
5
2189 1689 100 100 6
450 2298 100 100 6
1047 1949 100 100 6
1442 1431 100 100 6
3263 344 100 100 6
5
2185 1690 100 100 6
450 2296 100 100 6
1045 1950 100 100 6
1446 1432 100 100 6
3269 350 100 100 6
5
2181 1691 100 100 6
450 2294 100 100 6
1043 1951 100 100 6
1450 1433 100 100 6
3275 356 100 100 6
5
2177 1692 100 100 6
450 2292 100 100 6
1041 1952 100 100 6
1454 1434 100 100 6
3282 362 100 100 6
5
2173 1693 100 100 6
450 2290 100 100 6
1039 1953 100 100 6
1458 1435 100 100 6
3289 368 100 100 6
5
2169 1694 100 100 6
450 2288 100 100 6
1037 1954 100 100 6
1462 1436 100 100 6
3296 374 100 100 6
5
2165 1695 100 100 6
450 2286 100 100 6
1035 1955 100 100 6
1466 1437 100 100 6
3303 380 100 100 6
5
2161 1696 100 100 6
450 2284 100 100 6
1033 1956 100 100 6
1470 1438 100 100 6
3311 386 100 100 6
5
2157 1697 100 100 6
450 2282 100 100 6
1031 1957 100 100 6
1474 1439 100 100 6
3319 393 100 100 6
5
2153 1698 100 100 6
450 2280 100 100 6
1029 1958 100 100 6
1478 1440 100 100 6
3327 400 100 100 6
5
2149 1699 100 100 6
450 2278 100 100 6
1027 1959 100 100 6
1482 1441 100 100 6
3335 407 100 100 6
5
2145 1700 100 100 6
450 2276 100 100 6
1025 1960 100 100 6
1486 1442 100 100 6
3343 414 100 100 6
5
2141 1701 100 100 6
450 2274 100 100 6
1023 1961 100 100 6
1490 1443 100 100 6
3351 421 100 100 6
5
2137 1702 100 100 6
450 2272 100 100 6
1021 1962 100 100 6
1494 1444 100 100 6
3359 428 100 100 6
5
2133 1704 100 100 6
450 2270 100 100 6
1019 1963 100 100 6
1498 1445 100 100 6
3367 436 100 100 6
5
2129 1706 100 100 6
450 2268 100 100 6
1017 1964 100 100 6
1502 1446 100 100 6
3374 444 100 100 6
5
2125 1708 100 100 6
450 2266 100 100 6
1015 1965 100 100 6
1506 1448 100 100 6
3381 452 100 100 6
5
2121 1710 100 100 6
450 2264 100 100 6
1013 1966 100 100 6
1510 1450 100 100 6
3387 459 100 100 6
5
2117 1712 100 100 6
450 2262 100 100 6
1011 1967 100 100 6
1514 1451 100 100 6
3393 466 100 100 6
5
2113 1714 100 100 6
450 2260 100 100 6
1009 1968 100 100 6
1518 1453 100 100 6
3399 473 100 100 6
5
2109 1716 100 100 6
450 2258 100 100 6
1007 1969 100 100 6
1522 1455 100 100 6
3404 480 100 100 6
5
2105 1718 100 100 6
450 2256 100 100 6
1005 1970 100 100 6
1526 1457 100 100 6
3409 488 100 100 6
5
2101 1720 100 100 6
450 2254 100 100 6
1003 1971 100 100 6
1529 1460 100 100 6
3414 496 100 100 6
5
2097 1722 100 100 6
450 2252 100 100 6
1001 1972 100 100 6
1532 1463 100 100 6
3419 504 100 100 6
5
2093 1724 100 100 6
450 2250 100 100 6
999 1973 100 100 6
1535 1466 100 100 6
3424 512 100 100 6
5
2089 1726 100 100 6
450 2248 100 100 6
997 1974 100 100 6
1538 1469 100 100 6
3430 520 100 100 6
5
2085 1728 100 100 6
450 2246 100 100 6
995 1975 100 100 6
1541 1472 100 100 6
3436 528 100 100 6
5
2081 1730 100 100 6
450 2244 100 100 6
993 1976 100 100 6
1544 1475 100 100 6
3442 536 100 100 6
5
2077 1731 100 100 6
450 2242 100 100 6
991 1977 100 100 6
1547 1478 100 100 6
3448 545 100 100 6
5
2073 1732 100 100 6
450 2240 100 100 6
989 1978 100 100 6
1550 1481 100 100 6
3454 553 100 100 6
5
2069 1733 100 100 6
450 2238 100 100 6
987 1979 100 100 6
1553 1484 100 100 6
3460 561 100 100 6
5
2065 1734 100 100 6
450 2236 100 100 6
985 1980 100 100 6
1556 1487 100 100 6
3467 569 100 100 6
5
2061 1735 100 100 6
450 2234 100 100 6
983 1981 100 100 6
1559 1490 100 100 6
3474 577 100 100 6
5
2057 1736 100 100 6
450 2232 100 100 6
981 1982 100 100 6
1562 1493 100 100 6
3481 585 100 100 6
5
2053 1737 100 100 6
450 2230 100 100 6
979 1983 100 100 6
1565 1496 100 100 6
3487 593 100 100 6
5
2049 1738 100 100 6
452 2231 100 100 6
978 1985 100 100 6
1568 1499 100 100 6
3493 601 100 100 6
5
2045 1739 100 100 6
454 2232 100 100 6
977 1987 100 100 6
1571 1502 100 100 6
3499 609 100 100 6
5
2041 1740 100 100 6
456 2233 100 100 6
976 1989 100 100 6
1574 1505 100 100 6
3505 616 100 100 6
5
2037 1741 100 100 6
458 2234 100 100 6
975 1991 100 100 6
1577 1508 100 100 6
3511 623 100 100 6
5
2033 1742 100 100 6
460 2235 100 100 6
974 1993 100 100 6
1580 1511 100 100 6
3517 630 100 100 6
5
2029 1743 100 100 6
462 2236 100 100 6
973 1995 100 100 6
1583 1514 100 100 6
3523 638 100 100 6
5
2025 1744 100 100 6
464 2237 100 100 6
972 1997 100 100 6
1586 1517 100 100 6
3529 646 100 100 6
5
2021 1745 100 100 6
466 2238 100 100 6
971 1999 100 100 6
1589 1520 100 100 6
3535 654 100 100 6
5
2017 1746 100 100 6
468 2239 100 100 6
970 2001 100 100 6
1592 1523 100 100 6
3541 662 100 100 6
5
2013 1747 100 100 6
470 2240 100 100 6
969 2003 100 100 6
1595 1526 100 100 6
3548 670 100 100 6
5
2009 1748 100 100 6
472 2241 100 100 6
968 2005 100 100 6
1598 1529 100 100 6
3555 678 100 100 6
5
2005 1749 100 100 6
474 2242 100 100 6
967 2007 100 100 6
1601 1532 100 100 6
3562 686 100 100 6
5
2001 1750 100 100 6
476 2243 100 100 6
966 2009 100 100 6
1604 1535 100 100 6
3569 694 100 100 6
5
1997 1751 100 100 6
478 2244 100 100 6
965 2011 100 100 6
1607 1538 100 100 6
3576 702 100 100 6
5
1993 1752 100 100 6
480 2245 100 100 6
964 2013 100 100 6
1610 1541 100 100 6
3583 709 100 100 6
5
1989 1753 100 100 6
482 2246 100 100 6
963 2015 100 100 6
1613 1544 100 100 6
3590 716 100 100 6
5
1985 1754 100 100 6
484 2247 100 100 6
962 2017 100 100 6
1616 1547 100 100 6
3596 723 100 100 6
5
1981 1755 100 100 6
486 2248 100 100 6
961 2019 100 100 6
1619 1550 100 100 6
3602 730 100 100 6
5
1977 1756 100 100 6
488 2249 100 100 6
960 2021 100 100 6
1622 1553 100 100 6
3608 737 100 100 6
5
1973 1756 100 100 6
490 2250 100 100 6
959 2023 100 100 6
1625 1556 100 100 6
3614 744 100 100 6
5
1969 1756 100 100 6
492 2251 100 100 6
958 2025 100 100 6
1628 1559 100 100 6
3620 751 100 100 6
5
1965 1756 100 100 6
494 2252 100 100 6
957 2027 100 100 6
1631 1562 100 100 6
3626 758 100 100 6
5
1961 1756 100 100 6
496 2252 100 100 6
956 2029 100 100 6
1634 1565 100 100 6
3632 765 100 100 6
5
1957 1756 100 100 6
498 2252 100 100 6
955 2031 100 100 6
1637 1568 100 100 6
3638 772 100 100 6
5
1953 1756 100 100 6
500 2252 100 100 6
954 2033 100 100 6
1640 1571 100 100 6
3644 779 100 100 6
5
1949 1756 100 100 6
502 2252 100 100 6
953 2035 100 100 6
1643 1574 100 100 6
3650 787 100 100 6
5
1945 1756 100 100 6
504 2252 100 100 6
952 2037 100 100 6
1646 1577 100 100 6
3656 795 100 100 6
5
1941 1756 100 100 6
506 2252 100 100 6
951 2039 100 100 6
1649 1580 100 100 6
3663 803 100 100 6
5
1937 1756 100 100 6
508 2252 100 100 6
950 2041 100 100 6
1652 1583 100 100 6
3670 811 100 100 6
5
1933 1756 100 100 6
510 2252 100 100 6
949 2043 100 100 6
1656 1583 100 100 6
3677 819 100 100 6
5
1933 1760 100 100 6
512 2252 100 100 6
948 2045 100 100 6
1660 1583 100 100 6
3684 827 100 100 6
5
1933 1764 100 100 6
514 2252 100 100 6
947 2047 100 100 6
1664 1584 100 100 6
3691 835 100 100 6
5
1933 1768 100 100 6
516 2252 100 100 6
946 2049 100 100 6
1668 1584 100 100 6
3691 846 100 100 6
5
1933 1772 100 100 6
518 2252 100 100 6
945 2051 100 100 6
1672 1585 100 100 6
3691 857 100 100 6
5
1933 1776 100 100 6
520 2252 100 100 6
944 2053 100 100 6
1676 1586 100 100 6
3691 867 100 100 6
5
1933 1780 100 100 6
522 2252 100 100 6
943 2055 100 100 6
1680 1587 100 100 6
3691 877 100 100 6
5
1933 1784 100 100 6
524 2252 100 100 6
942 2057 100 100 6
1684 1588 100 100 6
3691 887 100 100 6
5
1933 1788 100 100 6
526 2252 100 100 6
941 2059 100 100 6
1688 1589 100 100 6
3691 897 100 100 6
5
1933 1792 100 100 6
528 2252 100 100 6
940 2061 100 100 6
1691 1591 100 100 6
3691 907 100 100 6
5
1933 1796 100 100 6
530 2252 100 100 6
939 2063 100 100 6
1694 1593 100 100 6
3691 917 100 100 6
5
1933 1800 100 100 6
532 2252 100 100 6
938 2065 100 100 6
1697 1595 100 100 6
3691 927 100 100 6
5
1937 1802 100 100 6
534 2252 100 100 6
937 2067 100 100 6
1700 1597 100 100 6
3691 937 100 100 6
5
1941 1804 100 100 6
536 2252 100 100 6
936 2069 100 100 6
1703 1599 100 100 6
3691 947 100 100 6
5
1944 1807 100 100 6
538 2252 100 100 6
935 2071 100 100 6
1706 1601 100 100 6
3691 957 100 100 6
5
1948 1809 100 100 6
540 2252 100 100 6
934 2073 100 100 6
1709 1603 100 100 6
3691 967 100 100 6
5
1951 1812 100 100 6
542 2252 100 100 6
933 2075 100 100 6
1712 1605 100 100 6
3691 977 100 100 6
5
1954 1815 100 100 6
544 2252 100 100 6
932 2077 100 100 6
1715 1606 100 100 6
3691 987 100 100 6
5
1957 1818 100 100 6
546 2252 100 100 6
931 2079 100 100 6
1718 1607 100 100 6
3691 997 100 100 6
5
1960 1821 100 100 6
548 2252 100 100 6
930 2081 100 100 6
1722 1608 100 100 6
3691 1007 100 100 6
5
1963 1824 100 100 6
550 2252 100 100 6
929 2083 100 100 6
1726 1609 100 100 6
3684 1014 100 100 6
5
1966 1827 100 100 6
552 2252 100 100 6
928 2085 100 100 6
1730 1610 100 100 6
3677 1021 100 100 6
5
1969 1830 100 100 6
554 2252 100 100 6
928 2086 100 100 6
1734 1611 100 100 6
3670 1028 100 100 6
5
1972 1833 100 100 6
556 2252 100 100 6
928 2087 100 100 6
1738 1612 100 100 6
3663 1035 100 100 6
5
1974 1837 100 100 6
558 2252 100 100 6
928 2088 100 100 6
1742 1613 100 100 6
3656 1042 100 100 6
5
1976 1841 100 100 6
560 2252 100 100 6
928 2089 100 100 6
1746 1614 100 100 6
3649 1049 100 100 6
5
1978 1845 100 100 6
562 2252 100 100 6
928 2090 100 100 6
1750 1615 100 100 6
3642 1056 100 100 6
5
1979 1849 100 100 6
564 2252 100 100 6
928 2091 100 100 6
1754 1616 100 100 6
3635 1063 100 100 6
5
1980 1853 100 100 6
566 2252 100 100 6
928 2092 100 100 6
1758 1617 100 100 6
3628 1070 100 100 6
5
1980 1857 100 100 6
568 2252 100 100 6
928 2093 100 100 6
1762 1618 100 100 6
3621 1077 100 100 6
5
1981 1861 100 100 6
570 2252 100 100 6
928 2094 100 100 6
1766 1619 100 100 6
3614 1084 100 100 6
5
1981 1865 100 100 6
572 2252 100 100 6
929 2095 100 100 6
1770 1621 100 100 6
3607 1091 100 100 6
5
1981 1869 100 100 6
574 2252 100 100 6
930 2096 100 100 6
1774 1623 100 100 6
3600 1098 100 100 6
5
1981 1873 100 100 6
576 2252 100 100 6
931 2097 100 100 6
1777 1627 100 100 6
3593 1105 100 100 6
5
1980 1877 100 100 6
578 2252 100 100 6
932 2098 100 100 6
1779 1631 100 100 6
3586 1112 100 100 6
5
1977 1880 100 100 6
580 2252 100 100 6
933 2099 100 100 6
1782 1634 100 100 6
3579 1119 100 100 6
5
1975 1884 100 100 6
582 2252 100 100 6
934 2100 100 100 6
1785 1637 100 100 6
3572 1126 100 100 6
5
1972 1887 100 100 6
584 2252 100 100 6
935 2101 100 100 6
1786 1641 100 100 6
3565 1133 100 100 6
5
1969 1890 100 100 6
586 2252 100 100 6
936 2102 100 100 6
1788 1645 100 100 6
3558 1140 100 100 6
5
1966 1893 100 100 6
588 2252 100 100 6
937 2103 100 100 6
1791 1648 100 100 6
3551 1147 100 100 6
5
1962 1893 100 100 6
590 2252 100 100 6
937 2104 100 100 6
1794 1651 100 100 6
3544 1154 100 100 6
5
1958 1893 100 100 6
592 2252 100 100 6
937 2105 100 100 6
1798 1652 100 100 6
3537 1161 100 100 6
5
1954 1893 100 100 6
594 2252 100 100 6
937 2106 100 100 6
1802 1653 100 100 6
3537 1171 100 100 6
5
1950 1893 100 100 6
596 2252 100 100 6
937 2108 100 100 6
1803 1657 100 100 6
3537 1181 100 100 6
5
1946 1893 100 100 6
598 2252 100 100 6
937 2110 100 100 6
1807 1658 100 100 6
3538 1190 100 100 6
5
1942 1893 100 100 6
600 2252 100 100 6
937 2112 100 100 6
1811 1659 100 100 6
3539 1199 100 100 6
5
1938 1894 100 100 6
602 2252 100 100 6
937 2114 100 100 6
1811 1663 100 100 6
3540 1208 100 100 6
5
1934 1895 100 100 6
604 2252 100 100 6
937 2116 100 100 6
1811 1667 100 100 6
3541 1217 100 100 6
5
1930 1895 100 100 6
606 2252 100 100 6
937 2118 100 100 6
1815 1668 100 100 6
3542 1226 100 100 6
5
1926 1895 100 100 6
608 2252 100 100 6
937 2120 100 100 6
1819 1669 100 100 6
3543 1236 100 100 6
5
1922 1895 100 100 6
610 2252 100 100 6
937 2122 100 100 6
1823 1670 100 100 6
3551 1242 100 100 6
5
1918 1895 100 100 6
612 2252 100 100 6
937 2124 100 100 6
1823 1674 100 100 6
3559 1248 100 100 6
5
1914 1895 100 100 6
614 2252 100 100 6
937 2126 100 100 6
1823 1678 100 100 6
3567 1254 100 100 6
5
1910 1895 100 100 6
616 2252 100 100 6
937 2128 100 100 6
1823 1682 100 100 6
3575 1260 100 100 6
5
1906 1895 100 100 6
618 2252 100 100 6
937 2130 100 100 6
1823 1686 100 100 6
3582 1265 100 100 6
5
1902 1895 100 100 6
620 2252 100 100 6
937 2132 100 100 6
1823 1690 100 100 6
3589 1271 100 100 6
5
1900 1899 100 100 6
622 2252 100 100 6
937 2134 100 100 6
1823 1694 100 100 6
3596 1277 100 100 6
5
1898 1903 100 100 6
624 2252 100 100 6
937 2136 100 100 6
1823 1698 100 100 6
3603 1283 100 100 6
5
1896 1907 100 100 6
626 2252 100 100 6
937 2138 100 100 6
1823 1702 100 100 6
3611 1289 100 100 6
5
1894 1911 100 100 6
628 2252 100 100 6
937 2140 100 100 6
1823 1706 100 100 6
3619 1295 100 100 6
5
1893 1915 100 100 6
630 2252 100 100 6
937 2142 100 100 6
1823 1710 100 100 6
3627 1301 100 100 6
5
1892 1919 100 100 6
632 2252 100 100 6
937 2144 100 100 6
1823 1714 100 100 6
3635 1308 100 100 6
5
1891 1923 100 100 6
634 2252 100 100 6
937 2146 100 100 6
1823 1718 100 100 6
3643 1315 100 100 6
5
1890 1927 100 100 6
636 2252 100 100 6
937 2148 100 100 6
1823 1722 100 100 6
3651 1322 100 100 6
5
1887 1930 100 100 6
638 2252 100 100 6
937 2150 100 100 6
1823 1726 100 100 6
3659 1329 100 100 6
5
1885 1934 100 100 6
640 2252 100 100 6
937 2152 100 100 6
1823 1730 100 100 6
3667 1336 100 100 6
5
1883 1938 100 100 6
642 2252 100 100 6
937 2154 100 100 6
1823 1734 100 100 6
3675 1343 100 100 6
5
1882 1942 100 100 6
644 2252 100 100 6
937 2156 100 100 6
1823 1738 100 100 6
3682 1350 100 100 6
5
1881 1946 100 100 6
646 2252 100 100 6
937 2158 100 100 6
1824 1742 100 100 6
3689 1357 100 100 6
5
1879 1950 100 100 6
648 2252 100 100 6
937 2160 100 100 6
1824 1746 100 100 6
3689 1367 100 100 6
5
1877 1954 100 100 6
650 2252 100 100 6
937 2162 100 100 6
1825 1750 100 100 6
3689 1377 100 100 6
5
1875 1958 100 100 6
652 2252 100 100 6
937 2164 100 100 6
1826 1754 100 100 6
3689 1387 100 100 6
5
1874 1962 100 100 6
654 2252 100 100 6
937 2166 100 100 6
1827 1758 100 100 6
3689 1397 100 100 6
5
1873 1966 100 100 6
656 2252 100 100 6
937 2168 100 100 6
1828 1762 100 100 6
3689 1407 100 100 6
5
1871 1970 100 100 6
658 2252 100 100 6
937 2170 100 100 6
1829 1766 100 100 6
3689 1417 100 100 6
5
1869 1974 100 100 6
660 2252 100 100 6
937 2172 100 100 6
1830 1770 100 100 6
3689 1427 100 100 6
5
1867 1978 100 100 6
662 2252 100 100 6
937 2174 100 100 6
1831 1774 100 100 6
3689 1437 100 100 6
5
1865 1982 100 100 6
664 2252 100 100 6
937 2176 100 100 6
1831 1778 100 100 6
3689 1447 100 100 6
5
1865 1982 100 100 6
667 2246 100 100 6
931 2176 100 100 6
1831 1790 100 100 6
3683 1444 100 100 6
5
1865 1982 100 100 6
668 2244 100 100 6
929 2176 100 100 6
1831 1794 100 100 6
3681 1443 100 100 6
5
1865 1982 100 100 6
669 2242 100 100 6
928 2176 100 100 6
1831 1798 100 100 6
3679 1442 100 100 6
5
1865 1982 100 100 6
670 2240 100 100 6
927 2176 100 100 6
1831 1802 100 100 6
3677 1441 100 100 6
5
1865 1982 100 100 6
671 2238 100 100 6
926 2176 100 100 6
1831 1806 100 100 6
3675 1440 100 100 6
5
1865 1982 100 100 6
672 2236 100 100 6
925 2176 100 100 6
1831 1810 100 100 6
3673 1439 100 100 6
5
1865 1982 100 100 6
673 2234 100 100 6
924 2176 100 100 6
1831 1814 100 100 6
3671 1438 100 100 6
5
1865 1982 100 100 6
674 2232 100 100 6
923 2176 100 100 6
1831 1818 100 100 6
3669 1437 100 100 6
5
1865 1982 100 100 6
675 2230 100 100 6
922 2176 100 100 6
1831 1822 100 100 6
3667 1436 100 100 6
5
1865 1982 100 100 6
676 2228 100 100 6
921 2176 100 100 6
1831 1826 100 100 6
3665 1435 100 100 6
5
1865 1982 100 100 6
677 2226 100 100 6
920 2176 100 100 6
1831 1830 100 100 6
3663 1434 100 100 6
5
1865 1982 100 100 6
678 2224 100 100 6
919 2176 100 100 6
1830 1834 100 100 6
3661 1433 100 100 6
5
1865 1982 100 100 6
679 2222 100 100 6
918 2176 100 100 6
1829 1838 100 100 6
3659 1432 100 100 6
5
1865 1982 100 100 6
680 2220 100 100 6
917 2176 100 100 6
1828 1842 100 100 6
3657 1431 100 100 6
5
1865 1982 100 100 6
681 2218 100 100 6
916 2176 100 100 6
1826 1846 100 100 6
3655 1430 100 100 6
5
1865 1982 100 100 6
682 2216 100 100 6
915 2176 100 100 6
1824 1850 100 100 6
3653 1429 100 100 6
5
1865 1982 100 100 6
683 2214 100 100 6
914 2176 100 100 6
1823 1854 100 100 6
3651 1428 100 100 6
5
1865 1982 100 100 6
684 2212 100 100 6
913 2176 100 100 6
1821 1858 100 100 6
3649 1427 100 100 6
5
1865 1982 100 100 6
685 2210 100 100 6
912 2176 100 100 6
1819 1862 100 100 6
3647 1426 100 100 6
5
1865 1982 100 100 6
686 2208 100 100 6
911 2176 100 100 6
1817 1866 100 100 6
3645 1425 100 100 6
5
1865 1982 100 100 6
687 2206 100 100 6
910 2176 100 100 6
1814 1869 100 100 6
3643 1424 100 100 6
5
1865 1982 100 100 6
688 2204 100 100 6
909 2176 100 100 6
1811 1872 100 100 6
3641 1423 100 100 6
5
1865 1982 100 100 6
689 2202 100 100 6
908 2176 100 100 6
1808 1875 100 100 6
3639 1422 100 100 6
5
1865 1982 100 100 6
690 2200 100 100 6
907 2176 100 100 6
1805 1878 100 100 6
3637 1421 100 100 6
5
1865 1982 100 100 6
691 2198 100 100 6
906 2176 100 100 6
1802 1881 100 100 6
3635 1420 100 100 6
5
1865 1982 100 100 6
692 2196 100 100 6
905 2176 100 100 6
1799 1884 100 100 6
3633 1419 100 100 6
5
1865 1982 100 100 6
693 2194 100 100 6
904 2176 100 100 6
1796 1887 100 100 6
3631 1418 100 100 6
5
1865 1982 100 100 6
694 2192 100 100 6
903 2176 100 100 6
1793 1890 100 100 6
3629 1417 100 100 6
5
1865 1982 100 100 6
695 2190 100 100 6
902 2176 100 100 6
1790 1893 100 100 6
3627 1417 100 100 6
5
1865 1982 100 100 6
696 2188 100 100 6
901 2176 100 100 6
1787 1896 100 100 6
3625 1417 100 100 6
5
1865 1982 100 100 6
697 2186 100 100 6
900 2176 100 100 6
1784 1899 100 100 6
3623 1417 100 100 6
5
1865 1982 100 100 6
698 2184 100 100 6
899 2176 100 100 6
1781 1902 100 100 6
3621 1417 100 100 6
5
1865 1982 100 100 6
699 2182 100 100 6
898 2176 100 100 6
1778 1905 100 100 6
3619 1417 100 100 6
5
1865 1982 100 100 6
700 2180 100 100 6
897 2176 100 100 6
1775 1908 100 100 6
3617 1417 100 100 6
5
1865 1982 100 100 6
701 2178 100 100 6
896 2176 100 100 6
1772 1911 100 100 6
3615 1417 100 100 6
5
1865 1982 100 100 6
702 2176 100 100 6
895 2176 100 100 6
1769 1914 100 100 6
3613 1417 100 100 6
5
1865 1982 100 100 6
703 2174 100 100 6
894 2176 100 100 6
1767 1918 100 100 6
3611 1417 100 100 6
5
1863 1986 100 100 6
703 2174 100 100 6
896 2174 100 100 6
1768 1922 100 100 6
3609 1418 100 100 6
5
1861 1990 100 100 6
703 2174 100 100 6
898 2172 100 100 6
1769 1926 100 100 6
3607 1419 100 100 6
5
1859 1994 100 100 6
703 2174 100 100 6
900 2170 100 100 6
1770 1930 100 100 6
3605 1420 100 100 6
5
1857 1998 100 100 6
703 2174 100 100 6
902 2168 100 100 6
1771 1934 100 100 6
3603 1421 100 100 6
5
1855 2002 100 100 6
703 2174 100 100 6
904 2166 100 100 6
1771 1938 100 100 6
3601 1422 100 100 6
5
1853 2006 100 100 6
703 2174 100 100 6
906 2164 100 100 6
1772 1942 100 100 6
3599 1423 100 100 6
5
1850 2009 100 100 6
703 2174 100 100 6
908 2162 100 100 6
1772 1946 100 100 6
3597 1424 100 100 6
5
1849 2013 100 100 6
703 2174 100 100 6
910 2160 100 100 6
1770 1949 100 100 6
3595 1425 100 100 6
5
1847 2016 100 100 6
703 2174 100 100 6
912 2158 100 100 6
1768 1952 100 100 6
3593 1426 100 100 6
5
1845 2017 100 100 6
703 2174 100 100 6
914 2156 100 100 6
1764 1955 100 100 6
3591 1427 100 100 6
5
1843 2018 100 100 6
703 2174 100 100 6
916 2154 100 100 6
1759 1957 100 100 6
3589 1428 100 100 6
5
1841 2019 100 100 6
703 2174 100 100 6
918 2152 100 100 6
1755 1960 100 100 6
3587 1428 100 100 6
5
1837 2019 100 100 6
703 2174 100 100 6
920 2150 100 100 6
1751 1961 100 100 6
3585 1428 100 100 6
5
1833 2019 100 100 6
703 2174 100 100 6
922 2148 100 100 6
1748 1964 100 100 6
3583 1428 100 100 6
5
1831 2019 100 100 6
703 2174 100 100 6
923 2146 100 100 6
1742 1966 100 100 6
3581 1428 100 100 6
5
1835 2017 100 100 6
703 2174 100 100 6
924 2144 100 100 6
1745 1963 100 100 6
3579 1428 100 100 6
5
1839 2015 100 100 6
703 2174 100 100 6
925 2142 100 100 6
1748 1960 100 100 6
3577 1428 100 100 6
5
1843 2013 100 100 6
703 2174 100 100 6
926 2140 100 100 6
1751 1957 100 100 6
3575 1428 100 100 6
5
1847 2011 100 100 6
703 2174 100 100 6
926 2138 100 100 6
1754 1954 100 100 6
3573 1428 100 100 6
5
1851 2009 100 100 6
703 2174 100 100 6
926 2136 100 100 6
1757 1951 100 100 6
3571 1428 100 100 6
5
1855 2007 100 100 6
703 2174 100 100 6
927 2134 100 100 6
1760 1948 100 100 6
3569 1428 100 100 6
5
1859 2005 100 100 6
703 2174 100 100 6
927 2132 100 100 6
1763 1945 100 100 6
3567 1428 100 100 6
5
1863 2003 100 100 6
703 2174 100 100 6
927 2130 100 100 6
1766 1942 100 100 6
3565 1428 100 100 6
5
1867 2001 100 100 6
703 2174 100 100 6
928 2128 100 100 6
1769 1939 100 100 6
3563 1428 100 100 6
5
1871 1999 100 100 6
703 2174 100 100 6
928 2126 100 100 6
1772 1936 100 100 6
3561 1428 100 100 6
5
1875 1997 100 100 6
703 2174 100 100 6
929 2124 100 100 6
1775 1933 100 100 6
3559 1428 100 100 6
5
1879 1995 100 100 6
703 2174 100 100 6
929 2122 100 100 6
1778 1930 100 100 6
3557 1428 100 100 6
5
1883 1993 100 100 6
703 2174 100 100 6
930 2120 100 100 6
1781 1927 100 100 6
3555 1428 100 100 6
5
1887 1991 100 100 6
703 2174 100 100 6
930 2118 100 100 6
1784 1924 100 100 6
3553 1428 100 100 6
5
1891 1989 100 100 6
703 2174 100 100 6
931 2116 100 100 6
1787 1921 100 100 6
3551 1428 100 100 6
5
1895 1987 100 100 6
703 2174 100 100 6
932 2114 100 100 6
1790 1918 100 100 6
3549 1428 100 100 6
